0,448
0,447
0,446
0,445
0,444
0,443
0,442
0,441
0,440
0,439
0,438
0,437
0,436
0,435
0,434
0,433
0,432
68,4
0,431
0,430
68,3
68,2
68,1
68,0
0,429
0,428
0,427
67,4
67,3
67,2
67,1
67,0
66,4
0,426
0,386
66,3
66,2
66,1
66,0
65,4
65,3
65,2
65,1
65,0
0,278
0,9
64,35
3,1
3,3
10,310
10,136
10,302
10,186
10,238
10,130
10,66
10,270
10,2
10,3
9,7
9,6
9,1
9,4
9,2
9,3
8,12
8,16
8,15
8,10
8,4
8,14
51,4
51,3
51,2
51,1
51,0
50,4
50,3
50,2
50,1
50,0
49,4
49,3
49,2
49,1
49,0
48,3
48,2
48,1
48,0
20,3
20,2
20,1
19,3
19,2
19,1
18,3
